{
 "cells": [
  {
   "cell_type": "code",
   "execution_count": 1,
   "outputs": [
    {
     "data": {
      "text/plain": "(517, 13)"
     },
     "execution_count": 1,
     "metadata": {},
     "output_type": "execute_result"
    }
   ],
   "source": [
    "import pandas as pd\n",
    "\n",
    "data = pd.read_csv('forestfires.csv')\n",
    "data.shape"
   ],
   "metadata": {
    "collapsed": false,
    "pycharm": {
     "name": "#%%\n"
    }
   }
  },
  {
   "cell_type": "markdown",
   "source": [
    "1. количество объектов: 517; признаков: 13\n",
    "\n",
    "X - координата в пространстве по оси Х в границах карты парка Монтесиньо: от 1 до 9\n",
    "Y - координата в пространстве по оси Y в границах карты парка Монтесиньо: от 2 до 9\n",
    "month - месяц года: от 'jan' до 'dec'\n",
    "day - день недели: от 'mon' до 'sun'\n",
    "FFMC - The Fine Fuel Moisture Code - индекс влажности измельченного топлива (индекс системы пожаров и погоды): от 18.7 до 96.20\n",
    "DMC - The Duff Moisture Code - индекс влажности штыба (мелкий уголь) (индекс системы пожаров и погоды): от 1.1 до 291.3\n",
    "DC - The Drought Code - индекс засушливости (индекс системы пожаров и погоды): от 7.9 до 860.6\n",
    "ISI - The Initial Spread Index - индекс мгновенного распространения (индекс системы пожаров и погоды): от 0.0 до 56.10\n",
    "temp - температура в градусах Цельсия: от 2.2 до 33.30\n",
    "RH - относительная влажность в %: от 15.0 до 100\n",
    "wind - скорость ветра в км/ч: от 0.40 до 9.40\n",
    "rain - дождевые осадки в мм/м2 : от 0.0 до 6.4\n",
    "area - выжженые территори в га: от 0.00 до 1090.84"
   ],
   "metadata": {
    "collapsed": false,
    "pycharm": {
     "name": "#%% md\n"
    }
   }
  },
  {
   "cell_type": "code",
   "execution_count": 2,
   "outputs": [
    {
     "data": {
      "text/plain": "     X  Y month  day  FFMC    DMC     DC   ISI  temp  RH  wind  rain   area\n512  4  3   aug  sun  81.6   56.7  665.6   1.9  27.8  32   2.7   0.0   6.44\n513  2  4   aug  sun  81.6   56.7  665.6   1.9  21.9  71   5.8   0.0  54.29\n514  7  4   aug  sun  81.6   56.7  665.6   1.9  21.2  70   6.7   0.0  11.16\n515  1  4   aug  sat  94.4  146.0  614.7  11.3  25.6  42   4.0   0.0   0.00\n516  6  3   nov  tue  79.5    3.0  106.7   1.1  11.8  31   4.5   0.0   0.00",
      "text/html": "<div>\n<style scoped>\n    .dataframe tbody tr th:only-of-type {\n        vertical-align: middle;\n    }\n\n    .dataframe tbody tr th {\n        vertical-align: top;\n    }\n\n    .dataframe thead th {\n        text-align: right;\n    }\n</style>\n<table border=\"1\" class=\"dataframe\">\n  <thead>\n    <tr style=\"text-align: right;\">\n      <th></th>\n      <th>X</th>\n      <th>Y</th>\n      <th>month</th>\n      <th>day</th>\n      <th>FFMC</th>\n      <th>DMC</th>\n      <th>DC</th>\n      <th>ISI</th>\n      <th>temp</th>\n      <th>RH</th>\n      <th>wind</th>\n      <th>rain</th>\n      <th>area</th>\n    </tr>\n  </thead>\n  <tbody>\n    <tr>\n      <th>512</th>\n      <td>4</td>\n      <td>3</td>\n      <td>aug</td>\n      <td>sun</td>\n      <td>81.6</td>\n      <td>56.7</td>\n      <td>665.6</td>\n      <td>1.9</td>\n      <td>27.8</td>\n      <td>32</td>\n      <td>2.7</td>\n      <td>0.0</td>\n      <td>6.44</td>\n    </tr>\n    <tr>\n      <th>513</th>\n      <td>2</td>\n      <td>4</td>\n      <td>aug</td>\n      <td>sun</td>\n      <td>81.6</td>\n      <td>56.7</td>\n      <td>665.6</td>\n      <td>1.9</td>\n      <td>21.9</td>\n      <td>71</td>\n      <td>5.8</td>\n      <td>0.0</td>\n      <td>54.29</td>\n    </tr>\n    <tr>\n      <th>514</th>\n      <td>7</td>\n      <td>4</td>\n      <td>aug</td>\n      <td>sun</td>\n      <td>81.6</td>\n      <td>56.7</td>\n      <td>665.6</td>\n      <td>1.9</td>\n      <td>21.2</td>\n      <td>70</td>\n      <td>6.7</td>\n      <td>0.0</td>\n      <td>11.16</td>\n    </tr>\n    <tr>\n      <th>515</th>\n      <td>1</td>\n      <td>4</td>\n      <td>aug</td>\n      <td>sat</td>\n      <td>94.4</td>\n      <td>146.0</td>\n      <td>614.7</td>\n      <td>11.3</td>\n      <td>25.6</td>\n      <td>42</td>\n      <td>4.0</td>\n      <td>0.0</td>\n      <td>0.00</td>\n    </tr>\n    <tr>\n      <th>516</th>\n      <td>6</td>\n      <td>3</td>\n      <td>nov</td>\n      <td>tue</td>\n      <td>79.5</td>\n      <td>3.0</td>\n      <td>106.7</td>\n      <td>1.1</td>\n      <td>11.8</td>\n      <td>31</td>\n      <td>4.5</td>\n      <td>0.0</td>\n      <td>0.00</td>\n    </tr>\n  </tbody>\n</table>\n</div>"
     },
     "execution_count": 2,
     "metadata": {},
     "output_type": "execute_result"
    }
   ],
   "source": [
    "# по данным первым и последним пяти строкам нельзя сказать, что есть объекты с NA\n",
    "data.head()\n",
    "data.tail()"
   ],
   "metadata": {
    "collapsed": false,
    "pycharm": {
     "name": "#%%\n"
    }
   }
  },
  {
   "cell_type": "code",
   "execution_count": 3,
   "outputs": [],
   "source": [
    "from sklearn.preprocessing import LabelEncoder\n",
    "\n",
    "label = LabelEncoder()\n",
    "label.fit(data.day)\n",
    "data.day = label.transform(data.day)\n",
    "\n",
    "label2 = LabelEncoder()\n",
    "label2.fit(data.month)\n",
    "data.month = label2.transform(data.month)"
   ],
   "metadata": {
    "collapsed": false,
    "pycharm": {
     "name": "#%%\n"
    }
   }
  },
  {
   "cell_type": "code",
   "execution_count": 4,
   "outputs": [
    {
     "data": {
      "text/plain": "1     184\n11    172\n7      54\n5      32\n3      20\n6      17\n10     15\n0       9\n2       9\n4       2\n8       2\n9       1\nName: month, dtype: int64"
     },
     "execution_count": 4,
     "metadata": {},
     "output_type": "execute_result"
    }
   ],
   "source": [
    "data['month'].value_counts()"
   ],
   "metadata": {
    "collapsed": false,
    "pycharm": {
     "name": "#%%\n"
    }
   }
  },
  {
   "cell_type": "code",
   "execution_count": 5,
   "outputs": [
    {
     "data": {
      "text/plain": "3    95\n0    85\n2    84\n1    74\n5    64\n4    61\n6    54\nName: day, dtype: int64"
     },
     "execution_count": 5,
     "metadata": {},
     "output_type": "execute_result"
    }
   ],
   "source": [
    "data['day'].value_counts()"
   ],
   "metadata": {
    "collapsed": false,
    "pycharm": {
     "name": "#%%\n"
    }
   }
  },
  {
   "cell_type": "markdown",
   "source": [
    "2. Всего 2 категориальных признака: day, month, для дальнейшей работы закодируем эти признаки\n",
    "3. month - столбец с максимальным значением уникальных признаков (всего уникальных признаков - 12), у столбца day - 7 значений"
   ],
   "metadata": {
    "collapsed": false,
    "pycharm": {
     "name": "#%% md\n"
    }
   }
  },
  {
   "cell_type": "code",
   "execution_count": 6,
   "outputs": [
    {
     "data": {
      "text/plain": "   X  Y  month  day  FFMC   DMC     DC  ISI  temp  RH  wind  rain  area\n0  7  5      7    0  86.2  26.2   94.3  5.1   8.2  51   6.7   0.0   0.0\n1  7  4     10    5  90.6  35.4  669.1  6.7  18.0  33   0.9   0.0   0.0\n2  7  4     10    2  90.6  43.7  686.9  6.7  14.6  33   1.3   0.0   0.0\n3  8  6      7    0  91.7  33.3   77.5  9.0   8.3  97   4.0   0.2   0.0\n4  8  6      7    3  89.3  51.3  102.2  9.6  11.4  99   1.8   0.0   0.0",
      "text/html": "<div>\n<style scoped>\n    .dataframe tbody tr th:only-of-type {\n        vertical-align: middle;\n    }\n\n    .dataframe tbody tr th {\n        vertical-align: top;\n    }\n\n    .dataframe thead th {\n        text-align: right;\n    }\n</style>\n<table border=\"1\" class=\"dataframe\">\n  <thead>\n    <tr style=\"text-align: right;\">\n      <th></th>\n      <th>X</th>\n      <th>Y</th>\n      <th>month</th>\n      <th>day</th>\n      <th>FFMC</th>\n      <th>DMC</th>\n      <th>DC</th>\n      <th>ISI</th>\n      <th>temp</th>\n      <th>RH</th>\n      <th>wind</th>\n      <th>rain</th>\n      <th>area</th>\n    </tr>\n  </thead>\n  <tbody>\n    <tr>\n      <th>0</th>\n      <td>7</td>\n      <td>5</td>\n      <td>7</td>\n      <td>0</td>\n      <td>86.2</td>\n      <td>26.2</td>\n      <td>94.3</td>\n      <td>5.1</td>\n      <td>8.2</td>\n      <td>51</td>\n      <td>6.7</td>\n      <td>0.0</td>\n      <td>0.0</td>\n    </tr>\n    <tr>\n      <th>1</th>\n      <td>7</td>\n      <td>4</td>\n      <td>10</td>\n      <td>5</td>\n      <td>90.6</td>\n      <td>35.4</td>\n      <td>669.1</td>\n      <td>6.7</td>\n      <td>18.0</td>\n      <td>33</td>\n      <td>0.9</td>\n      <td>0.0</td>\n      <td>0.0</td>\n    </tr>\n    <tr>\n      <th>2</th>\n      <td>7</td>\n      <td>4</td>\n      <td>10</td>\n      <td>2</td>\n      <td>90.6</td>\n      <td>43.7</td>\n      <td>686.9</td>\n      <td>6.7</td>\n      <td>14.6</td>\n      <td>33</td>\n      <td>1.3</td>\n      <td>0.0</td>\n      <td>0.0</td>\n    </tr>\n    <tr>\n      <th>3</th>\n      <td>8</td>\n      <td>6</td>\n      <td>7</td>\n      <td>0</td>\n      <td>91.7</td>\n      <td>33.3</td>\n      <td>77.5</td>\n      <td>9.0</td>\n      <td>8.3</td>\n      <td>97</td>\n      <td>4.0</td>\n      <td>0.2</td>\n      <td>0.0</td>\n    </tr>\n    <tr>\n      <th>4</th>\n      <td>8</td>\n      <td>6</td>\n      <td>7</td>\n      <td>3</td>\n      <td>89.3</td>\n      <td>51.3</td>\n      <td>102.2</td>\n      <td>9.6</td>\n      <td>11.4</td>\n      <td>99</td>\n      <td>1.8</td>\n      <td>0.0</td>\n      <td>0.0</td>\n    </tr>\n  </tbody>\n</table>\n</div>"
     },
     "execution_count": 6,
     "metadata": {},
     "output_type": "execute_result"
    }
   ],
   "source": [
    "data.head()"
   ],
   "metadata": {
    "collapsed": false,
    "pycharm": {
     "name": "#%%\n"
    }
   }
  },
  {
   "cell_type": "code",
   "execution_count": 7,
   "outputs": [
    {
     "data": {
      "text/plain": "     X  Y  month  day  FFMC    DMC     DC   ISI  temp  RH  wind  rain   area\n512  4  3      1    3  81.6   56.7  665.6   1.9  27.8  32   2.7   0.0   6.44\n513  2  4      1    3  81.6   56.7  665.6   1.9  21.9  71   5.8   0.0  54.29\n514  7  4      1    3  81.6   56.7  665.6   1.9  21.2  70   6.7   0.0  11.16\n515  1  4      1    2  94.4  146.0  614.7  11.3  25.6  42   4.0   0.0   0.00\n516  6  3      9    5  79.5    3.0  106.7   1.1  11.8  31   4.5   0.0   0.00",
      "text/html": "<div>\n<style scoped>\n    .dataframe tbody tr th:only-of-type {\n        vertical-align: middle;\n    }\n\n    .dataframe tbody tr th {\n        vertical-align: top;\n    }\n\n    .dataframe thead th {\n        text-align: right;\n    }\n</style>\n<table border=\"1\" class=\"dataframe\">\n  <thead>\n    <tr style=\"text-align: right;\">\n      <th></th>\n      <th>X</th>\n      <th>Y</th>\n      <th>month</th>\n      <th>day</th>\n      <th>FFMC</th>\n      <th>DMC</th>\n      <th>DC</th>\n      <th>ISI</th>\n      <th>temp</th>\n      <th>RH</th>\n      <th>wind</th>\n      <th>rain</th>\n      <th>area</th>\n    </tr>\n  </thead>\n  <tbody>\n    <tr>\n      <th>512</th>\n      <td>4</td>\n      <td>3</td>\n      <td>1</td>\n      <td>3</td>\n      <td>81.6</td>\n      <td>56.7</td>\n      <td>665.6</td>\n      <td>1.9</td>\n      <td>27.8</td>\n      <td>32</td>\n      <td>2.7</td>\n      <td>0.0</td>\n      <td>6.44</td>\n    </tr>\n    <tr>\n      <th>513</th>\n      <td>2</td>\n      <td>4</td>\n      <td>1</td>\n      <td>3</td>\n      <td>81.6</td>\n      <td>56.7</td>\n      <td>665.6</td>\n      <td>1.9</td>\n      <td>21.9</td>\n      <td>71</td>\n      <td>5.8</td>\n      <td>0.0</td>\n      <td>54.29</td>\n    </tr>\n    <tr>\n      <th>514</th>\n      <td>7</td>\n      <td>4</td>\n      <td>1</td>\n      <td>3</td>\n      <td>81.6</td>\n      <td>56.7</td>\n      <td>665.6</td>\n      <td>1.9</td>\n      <td>21.2</td>\n      <td>70</td>\n      <td>6.7</td>\n      <td>0.0</td>\n      <td>11.16</td>\n    </tr>\n    <tr>\n      <th>515</th>\n      <td>1</td>\n      <td>4</td>\n      <td>1</td>\n      <td>2</td>\n      <td>94.4</td>\n      <td>146.0</td>\n      <td>614.7</td>\n      <td>11.3</td>\n      <td>25.6</td>\n      <td>42</td>\n      <td>4.0</td>\n      <td>0.0</td>\n      <td>0.00</td>\n    </tr>\n    <tr>\n      <th>516</th>\n      <td>6</td>\n      <td>3</td>\n      <td>9</td>\n      <td>5</td>\n      <td>79.5</td>\n      <td>3.0</td>\n      <td>106.7</td>\n      <td>1.1</td>\n      <td>11.8</td>\n      <td>31</td>\n      <td>4.5</td>\n      <td>0.0</td>\n      <td>0.00</td>\n    </tr>\n  </tbody>\n</table>\n</div>"
     },
     "execution_count": 7,
     "metadata": {},
     "output_type": "execute_result"
    }
   ],
   "source": [
    "data.tail()"
   ],
   "metadata": {
    "collapsed": false,
    "pycharm": {
     "name": "#%%\n"
    }
   }
  },
  {
   "cell_type": "code",
   "execution_count": 8,
   "outputs": [
    {
     "name": "stdout",
     "output_type": "stream",
     "text": [
      "<class 'pandas.core.frame.DataFrame'>\n",
      "RangeIndex: 517 entries, 0 to 516\n",
      "Data columns (total 13 columns):\n",
      " #   Column  Non-Null Count  Dtype  \n",
      "---  ------  --------------  -----  \n",
      " 0   X       517 non-null    int64  \n",
      " 1   Y       517 non-null    int64  \n",
      " 2   month   517 non-null    int32  \n",
      " 3   day     517 non-null    int32  \n",
      " 4   FFMC    517 non-null    float64\n",
      " 5   DMC     517 non-null    float64\n",
      " 6   DC      517 non-null    float64\n",
      " 7   ISI     517 non-null    float64\n",
      " 8   temp    517 non-null    float64\n",
      " 9   RH      517 non-null    int64  \n",
      " 10  wind    517 non-null    float64\n",
      " 11  rain    517 non-null    float64\n",
      " 12  area    517 non-null    float64\n",
      "dtypes: float64(8), int32(2), int64(3)\n",
      "memory usage: 48.6 KB\n"
     ]
    }
   ],
   "source": [
    "data.info()"
   ],
   "metadata": {
    "collapsed": false,
    "pycharm": {
     "name": "#%%\n"
    }
   }
  },
  {
   "cell_type": "markdown",
   "source": [
    "4. Бинарных признаков нет\n",
    "5. Числовые признаки: X, Y, FFMC, DMC, DC, ISI, temp, RH, wind, rain, area\n",
    "6. Пропусков нет\n",
    "7. В данном датасете нет объектов с пропусками\n",
    "8. Столбца с максимальным количеством пропусков нет"
   ],
   "metadata": {
    "collapsed": false,
    "pycharm": {
     "name": "#%% md\n"
    }
   }
  },
  {
   "cell_type": "code",
   "execution_count": 9,
   "outputs": [
    {
     "data": {
      "text/plain": "                X           Y       month         day        FFMC         DMC  \\\ncount  517.000000  517.000000  517.000000  517.000000  517.000000  517.000000   \nmean     4.669246    4.299807    5.758221    2.736944   90.644681  110.872340   \nstd      2.313778    1.229900    4.373275    1.925061    5.520111   64.046482   \nmin      1.000000    2.000000    0.000000    0.000000   18.700000    1.100000   \n25%      3.000000    4.000000    1.000000    1.000000   90.200000   68.600000   \n50%      4.000000    4.000000    6.000000    3.000000   91.600000  108.300000   \n75%      7.000000    5.000000   11.000000    4.000000   92.900000  142.400000   \nmax      9.000000    9.000000   11.000000    6.000000   96.200000  291.300000   \n\n               DC         ISI        temp          RH        wind        rain  \\\ncount  517.000000  517.000000  517.000000  517.000000  517.000000  517.000000   \nmean   547.940039    9.021663   18.889168   44.288201    4.017602    0.021663   \nstd    248.066192    4.559477    5.806625   16.317469    1.791653    0.295959   \nmin      7.900000    0.000000    2.200000   15.000000    0.400000    0.000000   \n25%    437.700000    6.500000   15.500000   33.000000    2.700000    0.000000   \n50%    664.200000    8.400000   19.300000   42.000000    4.000000    0.000000   \n75%    713.900000   10.800000   22.800000   53.000000    4.900000    0.000000   \nmax    860.600000   56.100000   33.300000  100.000000    9.400000    6.400000   \n\n              area  \ncount   517.000000  \nmean     12.847292  \nstd      63.655818  \nmin       0.000000  \n25%       0.000000  \n50%       0.520000  \n75%       6.570000  \nmax    1090.840000  ",
      "text/html": "<div>\n<style scoped>\n    .dataframe tbody tr th:only-of-type {\n        vertical-align: middle;\n    }\n\n    .dataframe tbody tr th {\n        vertical-align: top;\n    }\n\n    .dataframe thead th {\n        text-align: right;\n    }\n</style>\n<table border=\"1\" class=\"dataframe\">\n  <thead>\n    <tr style=\"text-align: right;\">\n      <th></th>\n      <th>X</th>\n      <th>Y</th>\n      <th>month</th>\n      <th>day</th>\n      <th>FFMC</th>\n      <th>DMC</th>\n      <th>DC</th>\n      <th>ISI</th>\n      <th>temp</th>\n      <th>RH</th>\n      <th>wind</th>\n      <th>rain</th>\n      <th>area</th>\n    </tr>\n  </thead>\n  <tbody>\n    <tr>\n      <th>count</th>\n      <td>517.000000</td>\n      <td>517.000000</td>\n      <td>517.000000</td>\n      <td>517.000000</td>\n      <td>517.000000</td>\n      <td>517.000000</td>\n      <td>517.000000</td>\n      <td>517.000000</td>\n      <td>517.000000</td>\n      <td>517.000000</td>\n      <td>517.000000</td>\n      <td>517.000000</td>\n      <td>517.000000</td>\n    </tr>\n    <tr>\n      <th>mean</th>\n      <td>4.669246</td>\n      <td>4.299807</td>\n      <td>5.758221</td>\n      <td>2.736944</td>\n      <td>90.644681</td>\n      <td>110.872340</td>\n      <td>547.940039</td>\n      <td>9.021663</td>\n      <td>18.889168</td>\n      <td>44.288201</td>\n      <td>4.017602</td>\n      <td>0.021663</td>\n      <td>12.847292</td>\n    </tr>\n    <tr>\n      <th>std</th>\n      <td>2.313778</td>\n      <td>1.229900</td>\n      <td>4.373275</td>\n      <td>1.925061</td>\n      <td>5.520111</td>\n      <td>64.046482</td>\n      <td>248.066192</td>\n      <td>4.559477</td>\n      <td>5.806625</td>\n      <td>16.317469</td>\n      <td>1.791653</td>\n      <td>0.295959</td>\n      <td>63.655818</td>\n    </tr>\n    <tr>\n      <th>min</th>\n      <td>1.000000</td>\n      <td>2.000000</td>\n      <td>0.000000</td>\n      <td>0.000000</td>\n      <td>18.700000</td>\n      <td>1.100000</td>\n      <td>7.900000</td>\n      <td>0.000000</td>\n      <td>2.200000</td>\n      <td>15.000000</td>\n      <td>0.400000</td>\n      <td>0.000000</td>\n      <td>0.000000</td>\n    </tr>\n    <tr>\n      <th>25%</th>\n      <td>3.000000</td>\n      <td>4.000000</td>\n      <td>1.000000</td>\n      <td>1.000000</td>\n      <td>90.200000</td>\n      <td>68.600000</td>\n      <td>437.700000</td>\n      <td>6.500000</td>\n      <td>15.500000</td>\n      <td>33.000000</td>\n      <td>2.700000</td>\n      <td>0.000000</td>\n      <td>0.000000</td>\n    </tr>\n    <tr>\n      <th>50%</th>\n      <td>4.000000</td>\n      <td>4.000000</td>\n      <td>6.000000</td>\n      <td>3.000000</td>\n      <td>91.600000</td>\n      <td>108.300000</td>\n      <td>664.200000</td>\n      <td>8.400000</td>\n      <td>19.300000</td>\n      <td>42.000000</td>\n      <td>4.000000</td>\n      <td>0.000000</td>\n      <td>0.520000</td>\n    </tr>\n    <tr>\n      <th>75%</th>\n      <td>7.000000</td>\n      <td>5.000000</td>\n      <td>11.000000</td>\n      <td>4.000000</td>\n      <td>92.900000</td>\n      <td>142.400000</td>\n      <td>713.900000</td>\n      <td>10.800000</td>\n      <td>22.800000</td>\n      <td>53.000000</td>\n      <td>4.900000</td>\n      <td>0.000000</td>\n      <td>6.570000</td>\n    </tr>\n    <tr>\n      <th>max</th>\n      <td>9.000000</td>\n      <td>9.000000</td>\n      <td>11.000000</td>\n      <td>6.000000</td>\n      <td>96.200000</td>\n      <td>291.300000</td>\n      <td>860.600000</td>\n      <td>56.100000</td>\n      <td>33.300000</td>\n      <td>100.000000</td>\n      <td>9.400000</td>\n      <td>6.400000</td>\n      <td>1090.840000</td>\n    </tr>\n  </tbody>\n</table>\n</div>"
     },
     "execution_count": 9,
     "metadata": {},
     "output_type": "execute_result"
    }
   ],
   "source": [
    "data.describe()"
   ],
   "metadata": {
    "collapsed": false,
    "pycharm": {
     "name": "#%%\n"
    }
   }
  },
  {
   "cell_type": "code",
   "execution_count": 10,
   "outputs": [
    {
     "data": {
      "text/plain": "              X         Y     month       day      FFMC       DMC        DC  \\\nX      1.000000  0.539548 -0.017303 -0.009129 -0.021039 -0.048384 -0.085916   \nY      0.539548  1.000000 -0.062162  0.030100 -0.046308  0.007782 -0.101178   \nmonth -0.017303 -0.062162  1.000000 -0.150982 -0.007636 -0.173152  0.219439   \nday   -0.009129  0.030100 -0.150982  1.000000  0.074914  0.070218  0.058737   \nFFMC  -0.021039 -0.046308 -0.007636  0.074914  1.000000  0.382619  0.330512   \nDMC   -0.048384  0.007782 -0.173152  0.070218  0.382619  1.000000  0.682192   \nDC    -0.085916 -0.101178  0.219439  0.058737  0.330512  0.682192  1.000000   \nISI    0.006210 -0.024488 -0.172087  0.117738  0.531805  0.305128  0.229154   \ntemp  -0.051258 -0.024103 -0.073802  0.148672  0.431532  0.469594  0.496208   \nRH     0.085223  0.062221 -0.102057 -0.103389 -0.300995  0.073795 -0.039192   \nwind   0.018798 -0.020341 -0.141131 -0.034504 -0.028485 -0.105342 -0.203466   \nrain   0.065387  0.033234 -0.076800  0.052881  0.056702  0.074790  0.035861   \narea   0.063385  0.044873  0.031054  0.018916  0.040122  0.072994  0.049383   \n\n            ISI      temp        RH      wind      rain      area  \nX      0.006210 -0.051258  0.085223  0.018798  0.065387  0.063385  \nY     -0.024488 -0.024103  0.062221 -0.020341  0.033234  0.044873  \nmonth -0.172087 -0.073802 -0.102057 -0.141131 -0.076800  0.031054  \nday    0.117738  0.148672 -0.103389 -0.034504  0.052881  0.018916  \nFFMC   0.531805  0.431532 -0.300995 -0.028485  0.056702  0.040122  \nDMC    0.305128  0.469594  0.073795 -0.105342  0.074790  0.072994  \nDC     0.229154  0.496208 -0.039192 -0.203466  0.035861  0.049383  \nISI    1.000000  0.394287 -0.132517  0.106826  0.067668  0.008258  \ntemp   0.394287  1.000000 -0.527390 -0.227116  0.069491  0.097844  \nRH    -0.132517 -0.527390  1.000000  0.069410  0.099751 -0.075519  \nwind   0.106826 -0.227116  0.069410  1.000000  0.061119  0.012317  \nrain   0.067668  0.069491  0.099751  0.061119  1.000000 -0.007366  \narea   0.008258  0.097844 -0.075519  0.012317 -0.007366  1.000000  ",
      "text/html": "<div>\n<style scoped>\n    .dataframe tbody tr th:only-of-type {\n        vertical-align: middle;\n    }\n\n    .dataframe tbody tr th {\n        vertical-align: top;\n    }\n\n    .dataframe thead th {\n        text-align: right;\n    }\n</style>\n<table border=\"1\" class=\"dataframe\">\n  <thead>\n    <tr style=\"text-align: right;\">\n      <th></th>\n      <th>X</th>\n      <th>Y</th>\n      <th>month</th>\n      <th>day</th>\n      <th>FFMC</th>\n      <th>DMC</th>\n      <th>DC</th>\n      <th>ISI</th>\n      <th>temp</th>\n      <th>RH</th>\n      <th>wind</th>\n      <th>rain</th>\n      <th>area</th>\n    </tr>\n  </thead>\n  <tbody>\n    <tr>\n      <th>X</th>\n      <td>1.000000</td>\n      <td>0.539548</td>\n      <td>-0.017303</td>\n      <td>-0.009129</td>\n      <td>-0.021039</td>\n      <td>-0.048384</td>\n      <td>-0.085916</td>\n      <td>0.006210</td>\n      <td>-0.051258</td>\n      <td>0.085223</td>\n      <td>0.018798</td>\n      <td>0.065387</td>\n      <td>0.063385</td>\n    </tr>\n    <tr>\n      <th>Y</th>\n      <td>0.539548</td>\n      <td>1.000000</td>\n      <td>-0.062162</td>\n      <td>0.030100</td>\n      <td>-0.046308</td>\n      <td>0.007782</td>\n      <td>-0.101178</td>\n      <td>-0.024488</td>\n      <td>-0.024103</td>\n      <td>0.062221</td>\n      <td>-0.020341</td>\n      <td>0.033234</td>\n      <td>0.044873</td>\n    </tr>\n    <tr>\n      <th>month</th>\n      <td>-0.017303</td>\n      <td>-0.062162</td>\n      <td>1.000000</td>\n      <td>-0.150982</td>\n      <td>-0.007636</td>\n      <td>-0.173152</td>\n      <td>0.219439</td>\n      <td>-0.172087</td>\n      <td>-0.073802</td>\n      <td>-0.102057</td>\n      <td>-0.141131</td>\n      <td>-0.076800</td>\n      <td>0.031054</td>\n    </tr>\n    <tr>\n      <th>day</th>\n      <td>-0.009129</td>\n      <td>0.030100</td>\n      <td>-0.150982</td>\n      <td>1.000000</td>\n      <td>0.074914</td>\n      <td>0.070218</td>\n      <td>0.058737</td>\n      <td>0.117738</td>\n      <td>0.148672</td>\n      <td>-0.103389</td>\n      <td>-0.034504</td>\n      <td>0.052881</td>\n      <td>0.018916</td>\n    </tr>\n    <tr>\n      <th>FFMC</th>\n      <td>-0.021039</td>\n      <td>-0.046308</td>\n      <td>-0.007636</td>\n      <td>0.074914</td>\n      <td>1.000000</td>\n      <td>0.382619</td>\n      <td>0.330512</td>\n      <td>0.531805</td>\n      <td>0.431532</td>\n      <td>-0.300995</td>\n      <td>-0.028485</td>\n      <td>0.056702</td>\n      <td>0.040122</td>\n    </tr>\n    <tr>\n      <th>DMC</th>\n      <td>-0.048384</td>\n      <td>0.007782</td>\n      <td>-0.173152</td>\n      <td>0.070218</td>\n      <td>0.382619</td>\n      <td>1.000000</td>\n      <td>0.682192</td>\n      <td>0.305128</td>\n      <td>0.469594</td>\n      <td>0.073795</td>\n      <td>-0.105342</td>\n      <td>0.074790</td>\n      <td>0.072994</td>\n    </tr>\n    <tr>\n      <th>DC</th>\n      <td>-0.085916</td>\n      <td>-0.101178</td>\n      <td>0.219439</td>\n      <td>0.058737</td>\n      <td>0.330512</td>\n      <td>0.682192</td>\n      <td>1.000000</td>\n      <td>0.229154</td>\n      <td>0.496208</td>\n      <td>-0.039192</td>\n      <td>-0.203466</td>\n      <td>0.035861</td>\n      <td>0.049383</td>\n    </tr>\n    <tr>\n      <th>ISI</th>\n      <td>0.006210</td>\n      <td>-0.024488</td>\n      <td>-0.172087</td>\n      <td>0.117738</td>\n      <td>0.531805</td>\n      <td>0.305128</td>\n      <td>0.229154</td>\n      <td>1.000000</td>\n      <td>0.394287</td>\n      <td>-0.132517</td>\n      <td>0.106826</td>\n      <td>0.067668</td>\n      <td>0.008258</td>\n    </tr>\n    <tr>\n      <th>temp</th>\n      <td>-0.051258</td>\n      <td>-0.024103</td>\n      <td>-0.073802</td>\n      <td>0.148672</td>\n      <td>0.431532</td>\n      <td>0.469594</td>\n      <td>0.496208</td>\n      <td>0.394287</td>\n      <td>1.000000</td>\n      <td>-0.527390</td>\n      <td>-0.227116</td>\n      <td>0.069491</td>\n      <td>0.097844</td>\n    </tr>\n    <tr>\n      <th>RH</th>\n      <td>0.085223</td>\n      <td>0.062221</td>\n      <td>-0.102057</td>\n      <td>-0.103389</td>\n      <td>-0.300995</td>\n      <td>0.073795</td>\n      <td>-0.039192</td>\n      <td>-0.132517</td>\n      <td>-0.527390</td>\n      <td>1.000000</td>\n      <td>0.069410</td>\n      <td>0.099751</td>\n      <td>-0.075519</td>\n    </tr>\n    <tr>\n      <th>wind</th>\n      <td>0.018798</td>\n      <td>-0.020341</td>\n      <td>-0.141131</td>\n      <td>-0.034504</td>\n      <td>-0.028485</td>\n      <td>-0.105342</td>\n      <td>-0.203466</td>\n      <td>0.106826</td>\n      <td>-0.227116</td>\n      <td>0.069410</td>\n      <td>1.000000</td>\n      <td>0.061119</td>\n      <td>0.012317</td>\n    </tr>\n    <tr>\n      <th>rain</th>\n      <td>0.065387</td>\n      <td>0.033234</td>\n      <td>-0.076800</td>\n      <td>0.052881</td>\n      <td>0.056702</td>\n      <td>0.074790</td>\n      <td>0.035861</td>\n      <td>0.067668</td>\n      <td>0.069491</td>\n      <td>0.099751</td>\n      <td>0.061119</td>\n      <td>1.000000</td>\n      <td>-0.007366</td>\n    </tr>\n    <tr>\n      <th>area</th>\n      <td>0.063385</td>\n      <td>0.044873</td>\n      <td>0.031054</td>\n      <td>0.018916</td>\n      <td>0.040122</td>\n      <td>0.072994</td>\n      <td>0.049383</td>\n      <td>0.008258</td>\n      <td>0.097844</td>\n      <td>-0.075519</td>\n      <td>0.012317</td>\n      <td>-0.007366</td>\n      <td>1.000000</td>\n    </tr>\n  </tbody>\n</table>\n</div>"
     },
     "execution_count": 10,
     "metadata": {},
     "output_type": "execute_result"
    }
   ],
   "source": [
    "data.corr()"
   ],
   "metadata": {
    "collapsed": false,
    "pycharm": {
     "name": "#%%\n"
    }
   }
  },
  {
   "cell_type": "markdown",
   "source": [],
   "metadata": {
    "collapsed": false,
    "pycharm": {
     "name": "#%% md\n"
    }
   }
  },
  {
   "cell_type": "code",
   "execution_count": 11,
   "outputs": [
    {
     "data": {
      "text/plain": "array([[-1.32332557, -0.80595947, -1.83047676, ...,  1.49861442,\n        -0.07326831, -0.20201979],\n       [-1.17954077, -0.00810203,  0.48889092, ..., -1.74175564,\n        -0.07326831, -0.20201979],\n       [-1.04982188, -0.00810203,  0.56071545, ..., -1.51828184,\n        -0.07326831, -0.20201979],\n       ...,\n       [-0.84664771, -1.64008316,  0.47476811, ...,  1.49861442,\n        -0.07326831, -0.02653216],\n       [ 0.54900254,  0.68095666,  0.26938221, ..., -0.00983371,\n        -0.07326831, -0.20201979],\n       [-1.68591332, -2.02087875, -1.78044169, ...,  0.26950853,\n        -0.07326831, -0.20201979]])"
     },
     "execution_count": 11,
     "metadata": {},
     "output_type": "execute_result"
    }
   ],
   "source": [
    "from sklearn.preprocessing import StandardScaler\n",
    "\n",
    "scale_features_std = StandardScaler()\n",
    "features_std = scale_features_std.fit_transform(data[['DMC', 'FFMC', 'DC', 'ISI', 'temp', 'RH', 'wind', 'rain', 'area']])\n",
    "features_std"
   ],
   "metadata": {
    "collapsed": false,
    "pycharm": {
     "name": "#%%\n"
    }
   }
  },
  {
   "cell_type": "code",
   "execution_count": 12,
   "outputs": [
    {
     "data": {
      "text/plain": "Text(0, 0.5, 'FFMC')"
     },
     "execution_count": 12,
     "metadata": {},
     "output_type": "execute_result"
    },
    {
     "data": {
      "text/plain": "<Figure size 864x720 with 1 Axes>",
